 1948  
 1948.08333333333  
 1948.16666666667  
 1948.25  
 1948.33333333333  
 1948.41666666667  
 1948.5  
 1948.58333333333  
 1948.66666666667  
 1948.75  
 1948.83333333333  
 1948.91666666667  
 1949  
 1949.08333333333  
 1949.16666666667  
 1949.25  
 1949.33333333333  
 1949.41666666667  
 1949.5  
 1949.58333333333  
 1949.66666666667  
 1949.75  
 1949.83333333333  
 1949.91666666667  
 1950  
 1950.08333333333  
 1950.16666666667  
 1950.25  
 1950.33333333333  
 1950.41666666667  
 1950.5  
 1950.58333333333  
 1950.66666666667  
 1950.75  
 1950.83333333333  
 1950.91666666667  
 1951  
 1951.08333333333  
 1951.16666666667  
 1951.25  
 1951.33333333333  
 1951.41666666667  
 1951.5  
 1951.58333333333  
 1951.66666666667  
 1951.75  
 1951.83333333333  
 1951.91666666667  
 1952  
 1952.08333333333  
 1952.16666666667  
 1952.25  
 1952.33333333333  
 1952.41666666667  
 1952.5  
 1952.58333333333  
 1952.66666666667  
 1952.75  
 1952.83333333333  
 1952.91666666667  
 1953  
 1953.08333333333  
 1953.16666666667  
 1953.25  
 1953.33333333333  
 1953.41666666667  
 1953.5  
 1953.58333333333  
 1953.66666666667  
 1953.75  
 1953.83333333333  
 1953.91666666667  
 1954  
 1954.08333333333  
 1954.16666666667  
 1954.25  
 1954.33333333333  
 1954.41666666667  
 1954.5  
 1954.58333333333  
 1954.66666666667  
 1954.75  
 1954.83333333333  
 1954.91666666667  
 1955  
 1955.08333333333  
 1955.16666666667  
 1955.25  
 1955.33333333333  
 1955.41666666667  
 1955.5  
 1955.58333333333  
 1955.66666666667  
 1955.75  
 1955.83333333333  
 1955.91666666667  
 1956  
 1956.08333333333  
 1956.16666666667  
 1956.25  
 1956.33333333333  
 1956.41666666667  
 1956.5  
 1956.58333333333  
 1956.66666666667  
 1956.75  
 1956.83333333333  
 1956.91666666667  
 1957  
 1957.08333333333  
 1957.16666666667  
 1957.25  
 1957.33333333333  
 1957.41666666667  
 1957.5  
 1957.58333333333  
 1957.66666666667  
 1957.75  
 1957.83333333333  
 1957.91666666667  
 1958  
 1958.08333333333  
 1958.16666666667  
 1958.25  
 1958.33333333333  
 1958.41666666667  
 1958.5  
 1958.58333333333  
 1958.66666666667  
 1958.75  
 1958.83333333333  
 1958.91666666667  
 1959  
 1959.08333333333  
 1959.16666666667  
 1959.25  
 1959.33333333333  
 1959.41666666667  
 1959.5  
 1959.58333333333  
 1959.66666666667  
 1959.75  
 1959.83333333333  
 1959.91666666667  
 1960  
 1960.08333333333  
 1960.16666666667  
 1960.25  
 1960.33333333333  
 1960.41666666667  
 1960.5  
 1960.58333333333  
 1960.66666666667  
 1960.75  
 1960.83333333333  
 1960.91666666667  
 1961  
 1961.08333333333  
 1961.16666666667  
 1961.25  
 1961.33333333333  
 1961.41666666667  
 1961.5  
 1961.58333333333  
 1961.66666666667  
 1961.75  
 1961.83333333333  
 1961.91666666667  
 1962  
 1962.08333333333  
 1962.16666666667  
 1962.25  
 1962.33333333333  
 1962.41666666667  
 1962.5  
 1962.58333333333  
 1962.66666666667  
 1962.75  
 1962.83333333333  
 1962.91666666667  
 1963  
 1963.08333333333  
 1963.16666666667  
 1963.25  
 1963.33333333333  
 1963.41666666667  
 1963.5  
 1963.58333333333  
 1963.66666666667  
 1963.75  
 1963.83333333333  
 1963.91666666667  
 1964  
 1964.08333333333  
 1964.16666666667  
 1964.25  
 1964.33333333333  
 1964.41666666667  
 1964.5  
 1964.58333333333  
 1964.66666666667  
 1964.75  
 1964.83333333333  
 1964.91666666667  
 1965  
 1965.08333333333  
 1965.16666666667  
 1965.25  
 1965.33333333333  
 1965.41666666667  
 1965.5  
 1965.58333333333  
 1965.66666666667  
 1965.75  
 1965.83333333333  
 1965.91666666667  
 1966  
 1966.08333333333  
 1966.16666666667  
 1966.25  
 1966.33333333333  
 1966.41666666667  
 1966.5  
 1966.58333333333  
 1966.66666666667  
 1966.75  
 1966.83333333333  
 1966.91666666667  
 1967  
 1967.08333333333  
 1967.16666666667  
 1967.25  
 1967.33333333333  
 1967.41666666667  
 1967.5  
 1967.58333333333  
 1967.66666666667  
 1967.75  
 1967.83333333333  
 1967.91666666667  
 1968  
 1968.08333333333  
 1968.16666666667  
 1968.25  
 1968.33333333333  
 1968.41666666667  
 1968.5  
 1968.58333333333  
 1968.66666666667  
 1968.75  
 1968.83333333333  
 1968.91666666667  
 1969  
 1969.08333333333  
 1969.16666666667  
 1969.25  
 1969.33333333333  
 1969.41666666667  
 1969.5  
 1969.58333333333  
 1969.66666666667  
 1969.75  
 1969.83333333333  
 1969.91666666667  
 1970  
 1970.08333333333  
 1970.16666666667  
 1970.25  
 1970.33333333333  
 1970.41666666667  
 1970.5  
 1970.58333333333  
 1970.66666666667  
 1970.75  
 1970.83333333333  
 1970.91666666667  
 1971  
 1971.08333333333  
 1971.16666666667  
 1971.25  
 1971.33333333333  
 1971.41666666667  
 1971.5  
 1971.58333333333  
 1971.66666666667  
 1971.75  
 1971.83333333333  
 1971.91666666667  
 1972  
 1972.08333333333  
 1972.16666666667  
 1972.25  
 1972.33333333333  
 1972.41666666667  
 1972.5  
 1972.58333333333  
 1972.66666666667  
 1972.75  
 1972.83333333333  
 1972.91666666667  
 1973  
 1973.08333333333  
 1973.16666666667  
 1973.25  
 1973.33333333333  
 1973.41666666667  
 1973.5  
 1973.58333333333  
 1973.66666666667  
 1973.75  
 1973.83333333333  
 1973.91666666667  
 1974  
 1974.08333333333  
 1974.16666666667  
 1974.25  
 1974.33333333333  
 1974.41666666667  
 1974.5  
 1974.58333333333  
 1974.66666666667  
 1974.75  
 1974.83333333333  
 1974.91666666667  
 1975  
 1975.08333333333  
 1975.16666666667  
 1975.25  
 1975.33333333333  
 1975.41666666667  
 1975.5  
 1975.58333333333  
 1975.66666666667  
 1975.75  
 1975.83333333333  
 1975.91666666667  
 1976  
 1976.08333333333  
 1976.16666666667  
 1976.25  
 1976.33333333333  
 1976.41666666667  
 1976.5  
 1976.58333333333  
 1976.66666666667  
 1976.75  
 1976.83333333333  
 1976.91666666667  
 1977  
 1977.08333333333  
 1977.16666666667  
 1977.25  
 1977.33333333333  
 1977.41666666667  
 1977.5  
 1977.58333333333  
 1977.66666666667  
 1977.75  
 1977.83333333333  
 1977.91666666667  
 1978  
 1978.08333333333  
 1978.16666666667  
 1978.25  
 1978.33333333333  
 1978.41666666667  
 1978.5  
 1978.58333333333  
 1978.66666666667  
 1978.75  
 1978.83333333333 11.65
 1978.91666666667 13.67
 1979 15.41
 1979.08333333333 16.18
 1979.16666666667 16.34
 1979.25 15.45
 1979.33333333333 13.86
 1979.41666666667 12.53
 1979.5 10.31
 1979.58333333333 8.04
 1979.66666666667 7.05
 1979.75 8.75
 1979.83333333333 10.94
 1979.91666666667 13.34
 1980 14.86
 1980.08333333333 15.96
 1980.16666666667 16.04
 1980.25 15.43
 1980.33333333333 13.79
 1980.41666666667 12.20
 1980.5 10.10
 1980.58333333333 7.98
 1980.66666666667 7.67
 1980.75 9.18
 1980.83333333333 11.38
 1980.91666666667 13.59
 1981 14.91
 1981.08333333333 15.60
 1981.16666666667 15.63
 1981.25 15.01
 1981.33333333333 13.80
 1981.41666666667 12.43
 1981.5 10.27
 1981.58333333333 7.84
 1981.66666666667 7.14
 1981.75 8.86
 1981.83333333333 10.93
 1981.91666666667 13.34
 1982 15.18
 1982.08333333333 15.97
 1982.16666666667 16.04
 1982.25 15.47
 1982.33333333333 13.97
 1982.41666666667 12.48
 1982.5 10.37
 1982.58333333333 8.14
 1982.66666666667 7.30
 1982.75 9.42
 1982.83333333333 11.63
 1982.91666666667 13.64
 1983 14.94
 1983.08333333333 16.01
 1983.16666666667 16.09
 1983.25 15.17
 1983.33333333333 13.49
 1983.41666666667 12.30
 1983.5 10.57
 1983.58333333333 8.19
 1983.66666666667 7.39
 1983.75 9.33
 1983.83333333333 11.46
 1983.91666666667 13.30
 1984 14.47
 1984.08333333333 15.30
 1984.16666666667 15.58
 1984.25 15.01
 1984.33333333333 13.58
 1984.41666666667 12.15
 1984.5 9.98
 1984.58333333333 7.77
 1984.66666666667 6.81
 1984.75 8.56
 1984.83333333333 10.84
 1984.91666666667 12.99
 1985 14.72
 1985.08333333333 15.47
 1985.16666666667 15.89
 1985.25 15.36
 1985.33333333333 14.07
 1985.41666666667 12.22
 1985.5 9.74
 1985.58333333333 7.40
 1985.66666666667 6.70
 1985.75 8.55
 1985.83333333333 11.02
 1985.91666666667 13.05
 1986 14.89
 1986.08333333333 15.78
 1986.16666666667 15.91
 1986.25 15.06
 1986.33333333333 13.38
 1986.41666666667 11.98
 1986.5 10.15
 1986.58333333333 7.98
 1986.66666666667 7.41
 1986.75 9.48
 1986.83333333333 11.45
 1986.91666666667 13.22
 1987 14.97
 1987.08333333333 16.05
 1987.16666666667 15.82
 1987.25 15.21
 1987.33333333333 13.74
 1987.41666666667 12.49
 1987.5 10.33
 1987.58333333333 7.63
 1987.66666666667 7.28
 1987.75 9.05
 1987.83333333333 11.22
 1987.91666666667  
 1988  
 1988.08333333333 15.58
 1988.16666666667 15.96
 1988.25 15.12
 1988.33333333333 13.56
 1988.41666666667 11.94
 1988.5 9.81
 1988.58333333333 7.89
 1988.66666666667 7.37
 1988.75 9.13
 1988.83333333333 11.33
 1988.91666666667 13.63
 1989 14.95
 1989.08333333333 15.50
 1989.16666666667 15.42
 1989.25 14.33
 1989.33333333333 13.04
 1989.41666666667 12.24
 1989.5 10.13
 1989.58333333333 7.88
 1989.66666666667 7.01
 1989.75 8.83
 1989.83333333333 11.12
 1989.91666666667 13.39
 1990 14.78
 1990.08333333333 15.58
 1990.16666666667 15.87
 1990.25 14.65
 1990.33333333333 13.23
 1990.41666666667 11.64
 1990.5 9.25
 1990.58333333333 6.80
 1990.66666666667 6.14
 1990.75 8.48
 1990.83333333333 11.08
 1990.91666666667 13.11
 1991 14.36
 1991.08333333333 15.25
 1991.16666666667 15.42
 1991.25 14.86
 1991.33333333333 13.47
 1991.41666666667 12.11
 1991.5 9.51
 1991.58333333333 7.42
 1991.66666666667 6.47
 1991.75 8.54
 1991.83333333333 10.88
 1991.91666666667 12.95
 1992 14.64
 1992.08333333333 15.46
 1992.16666666667 15.48
 1992.25 14.68
 1992.33333333333 13.22
 1992.41666666667 12.15
 1992.5 10.32
 1992.58333333333 7.93
 1992.66666666667 7.47
 1992.75 9.32
 1992.83333333333 11.38
 1992.91666666667 13.41
 1993 14.90
 1993.08333333333 15.69
 1993.16666666667 15.81
 1993.25 15.08
 1993.33333333333 13.37
 1993.41666666667 11.87
 1993.5 9.48
 1993.58333333333 7.33
 1993.66666666667 6.40
 1993.75 8.79
 1993.83333333333 11.32
 1993.91666666667 13.32
 1994 14.73
 1994.08333333333 15.56
 1994.16666666667 15.55
 1994.25 14.89
 1994.33333333333 13.62
 1994.41666666667 12.02
 1994.5 9.93
 1994.58333333333 7.64
 1994.66666666667 7.14
 1994.75 8.92
 1994.83333333333 11.12
 1994.91666666667 13.27
 1995 14.59
 1995.08333333333 15.23
 1995.16666666667 15.26
 1995.25 14.45
 1995.33333333333 12.97
 1995.41666666667 11.44
 1995.5 8.99
 1995.58333333333 6.74
 1995.66666666667 6.08
 1995.75 7.83
 1995.83333333333 10.76
 1995.91666666667 12.92
 1996 14.18
 1996.08333333333 15.15
 1996.16666666667 15.12
 1996.25 14.22
 1996.33333333333 13.09
 1996.41666666667 12.08
 1996.5 10.16
 1996.58333333333 8.18
 1996.66666666667 7.58
 1996.75 9.16
 1996.83333333333 10.40
 1996.91666666667 12.86
 1997 14.42
 1997.08333333333 15.44
 1997.16666666667 15.47
 1997.25 14.56
 1997.33333333333 13.18
 1997.41666666667 11.74
 1997.5 9.41
 1997.58333333333 7.29
 1997.66666666667 6.69
 1997.75 8.34
 1997.83333333333 10.68
 1997.91666666667 13.08
 1998 14.72
 1998.08333333333 15.75
 1998.16666666667 15.60
 1998.25 14.89
 1998.33333333333 13.59
 1998.41666666667 11.71
 1998.5 9.42
 1998.58333333333 7.51
 1998.66666666667 6.54
 1998.75 8.45
 1998.83333333333 10.44
 1998.91666666667 12.76
 1999 14.36
 1999.08333333333 15.31
 1999.16666666667 15.40
 1999.25 15.08
 1999.33333333333 13.75
 1999.41666666667 11.78
 1999.5 9.49
 1999.58333333333 7.23
 1999.66666666667 6.12
 1999.75 8.60
 1999.83333333333 10.80
 1999.91666666667 12.64
 2000 14.22
 2000.08333333333 15.14
 2000.16666666667 15.22
 2000.25 14.56
 2000.33333333333 13.15
 2000.41666666667 11.67
 2000.5 9.51
 2000.58333333333 7.17
 2000.66666666667 6.25
 2000.75 8.38
 2000.83333333333 10.32
 2000.91666666667 12.64
 2001 14.20
 2001.08333333333 15.21
 2001.16666666667 15.52
 2001.25 14.86
 2001.33333333333 13.51
 2001.41666666667 11.46
 2001.5 9.07
 2001.58333333333 7.46
 2001.66666666667 6.73
 2001.75 8.30
 2001.83333333333 10.66
 2001.91666666667 12.49
 2002 14.27
 2002.08333333333 15.34
 2002.16666666667 15.35
 2002.25 14.30
 2002.33333333333 12.97
 2002.41666666667 11.58
 2002.5 9.27
 2002.58333333333 6.60
 2002.66666666667 5.83
 2002.75 8.16
 2002.83333333333 10.34
 2002.91666666667 12.61
 2003 14.39
 2003.08333333333 15.19
 2003.16666666667 15.48
 2003.25 14.51
 2003.33333333333 13.02
 2003.41666666667 11.60
 2003.5 9.21
 2003.58333333333 6.94
 2003.66666666667 6.12
 2003.75 7.85
 2003.83333333333 10.13
 2003.91666666667 12.59
 2004 14.03
 2004.08333333333 14.91
 2004.16666666667 14.99
 2004.25 13.99
 2004.33333333333 12.56
 2004.41666666667 11.45
 2004.5 9.43
 2004.58333333333 6.85
 2004.66666666667 5.98
 2004.75 7.93
 2004.83333333333 10.34
 2004.91666666667 12.55
 2005 13.66
 2005.08333333333 14.37
 2005.16666666667 14.69
 2005.25 14.09
 2005.33333333333 12.91
 2005.41666666667 11.16
 2005.5 8.65
 2005.58333333333 6.30
 2005.66666666667 5.50
 2005.75 7.35
 2005.83333333333 10.22
 2005.91666666667 12.23
 2006 13.47
 2006.08333333333 14.32
 2006.16666666667 14.42
 2006.25 13.91
 2006.33333333333 12.52
 2006.41666666667 10.92
 2006.5 8.46
 2006.58333333333 6.50
 2006.66666666667 5.86
 2006.75 7.54
 2006.83333333333 9.66
 2006.91666666667 11.95
 2007 13.70
 2007.08333333333 14.51
 2007.16666666667 14.54
 2007.25 13.85
 2007.33333333333 12.78
 2007.41666666667 11.22
 2007.5 7.94
 2007.58333333333 5.34
 2007.66666666667 4.27
 2007.75 6.04
 2007.83333333333 9.76
 2007.91666666667 12.03
 2008 13.89
 2008.08333333333 14.95
 2008.16666666667 15.18
 2008.25 14.35
 2008.33333333333 12.97
 2008.41666666667 11.21
 2008.5 8.68
 2008.58333333333 5.91
 2008.66666666667 4.69
 2008.75 7.35
 2008.83333333333 10.34
 2008.91666666667 12.36
 2009 13.91
 2009.08333333333 14.81
 2009.16666666667 14.98
 2009.25 14.50
 2009.33333333333 13.19
 2009.41666666667 11.32
 2009.5 8.47
 2009.58333333333 6.14
 2009.66666666667 5.26
 2009.75 6.92
 2009.83333333333 9.77
 2009.91666666667 12.20
 2010 13.74
 2010.08333333333 14.58
 2010.16666666667 15.14
 2010.25 14.66
 2010.33333333333 12.87
 2010.41666666667 10.59
 2010.5 8.07
 2010.58333333333 5.87
 2010.66666666667 4.87
 2010.75 6.98
 2010.83333333333 9.61
 2010.91666666667 11.83
 2011 13.46
 2011.08333333333 14.36
 2011.16666666667 14.55
 2011.25 14.11
 2011.33333333333 12.68
 2011.41666666667 10.75
 2011.5 7.72
 2011.58333333333 5.50
 2011.66666666667 4.56
 2011.75 6.46
 2011.83333333333 9.77
 2011.91666666667 12.15
 2012 13.73
 2012.08333333333 14.55
 2012.16666666667 15.20
 2012.25 14.63
 2012.33333333333 13.01
 2012.41666666667 10.67
 2012.5 7.67
 2012.58333333333 4.72
 2012.66666666667 3.57
 2012.75 5.89
 2012.83333333333 9.39
 2012.91666666667 12.01
 2013 13.70
 2013.08333333333 14.72
 2013.16666666667 15.03
 2013.25 14.30
 2013.33333333333 13.00
 2013.41666666667 11.36
 2013.5 8.13
 2013.58333333333 6.01
 2013.66666666667 5.21
 2013.75 7.45
 2013.83333333333 9.94
 2013.91666666667 12.18
 2014 13.65
 2014.08333333333 14.42
 2014.16666666667 14.76
 2014.25 14.09
 2014.33333333333 12.70
 2014.41666666667 11.03
 2014.5 8.11
 2014.58333333333 6.08
 2014.66666666667 5.22
 2014.75 7.23
 2014.83333333333 10.11
 2014.91666666667 12.35
 2015 13.60
 2015.08333333333 14.40
 2015.16666666667 14.37
 2015.25 13.89
 2015.33333333333 12.47
 2015.41666666667 10.88
 2015.5 8.38
 2015.58333333333 5.60
 2015.66666666667 4.62
 2015.75 6.97
 2015.83333333333 9.85
 2015.91666666667 12.04
 2016 13.46
 2016.08333333333 14.20
 2016.16666666667 14.40
 2016.25 13.68
 2016.33333333333 11.92
 2016.41666666667 10.41
 2016.5 7.94
 2016.58333333333 5.37
 2016.66666666667 4.53
 2016.75 6.08
 2016.83333333333 8.66
 2016.91666666667 11.46
 2017 13.19
 2017.08333333333 14.12
 2017.16666666667 14.29
 2017.25 13.75
 2017.33333333333 12.63
 2017.41666666667 10.76
 2017.5 7.94
 2017.58333333333 5.48
 2017.66666666667 4.82
 2017.75 6.77
 2017.83333333333 9.49
 2017.91666666667 11.74
 2018 13.08
 2018.08333333333 13.97
 2018.16666666667 14.30
 2018.25 13.70
 2018.33333333333 12.23
 2018.41666666667 10.78
 2018.5 8.27
 2018.58333333333 5.61
 2018.66666666667 4.79
 2018.75 6.13
 2018.83333333333 9.82
 2018.91666666667 11.86
 2019 13.57
 2019.08333333333 14.39
 2019.16666666667 14.57
 2019.25 13.43
 2019.33333333333 12.19
 2019.41666666667 10.59
 2019.5 7.59
 2019.58333333333 5.03
 2019.66666666667 4.36
 2019.75 5.73
 2019.83333333333 9.35
 2019.91666666667 11.90
 2020 13.64
 2020.08333333333 14.64
 2020.16666666667 14.73
 2020.25 13.62
 2020.33333333333 12.34
 2020.41666666667 10.59
 2020.5 7.29
 2020.58333333333 5.07
 2020.66666666667 4.00
 2020.75 5.33
 2020.83333333333 8.99
 2020.91666666667 11.73
 2021 13.50
 2021.08333333333 14.39
 2021.16666666667 14.66
 2021.25 13.79
 2021.33333333333 12.68
 2021.41666666667 10.77
 2021.5 7.65
 2021.58333333333 5.71
 2021.66666666667 4.95
 2021.75 6.82
 2021.83333333333 9.83
 2021.91666666667 12.15
 2022 13.87
 2022.08333333333 14.61
 2022.16666666667 14.59
 2022.25 13.99
 2022.33333333333 12.88
 2022.41666666667 10.88
 2022.5 8.29
 2022.58333333333 5.95
 2022.66666666667 4.90
 2022.75 6.66
 2022.83333333333 9.73
 2022.91666666667 11.89
 2023 13.35
 2023.08333333333 14.18
 2023.16666666667 14.44
 2023.25 13.99
 2023.33333333333 12.83
 2023.41666666667  
 2023.5  
 2023.58333333333  
 2023.66666666667  
 2023.75  
 2023.83333333333  
 2023.91666666667  
